39 40 40 0
L 14 17 2 3 -1
L 22 2 2 3 -1
L 34 31 2 3 -1
L 13 3 2 3 -1
L 5 36 2 3 -1
L 23 13 2 3 -1
W 17 8 2 12 -1
W 32 10 2 9 -1
W 34 39 2 9 -1
X 33 12 2 11 -1
O 21 28 2 4 -1
A 18 20 2 4 -1
A 12 10 2 4 -1
A 30 30 2 4 -1
X 37 28 2 11 -1
X 35 28 2 11 -1
X 31 16 2 11 -1
X 10 32 2 11 -1
C 18 2 2 9 -1 9
J 12 13 2 99 -1
B 29 26 4 10 -1
J 5 7 2 99 -1
J 0 28 2 99 -1
M 14 7 2 0 -1
T 10 11 2 0 -1
T 10 39 2 0 -1
M 20 39 2 0 -1
M 22 4 2 0 -1
J 6 7 2 99 -1
B 29 21 4 10 -1
T 20 30 2 0 -1
M 5 14 2 0 -1
G 5 9 2 0 -1
T 29 12 2 0 -1
T 11 2 2 0 -1
B 0 1 4 10 -1
M 8 13 2 0 -1
J 29 19 2 99 -1
T 38 8 2 0 -1
